0 1
0 65
0 36
0 68
0 100
0 72
0 41
0 11
0 78
0 79
0 112
0 81
0 116
0 53
0 25
0 57
0 30
0 95
1 65
1 66
1 130
1 68
1 5
1 72
1 73
1 11
1 78
1 79
1 81
1 23
1 26
1 91
1 30
1 95
1 33
1 100
1 38
1 102
1 41
1 43
1 108
1 109
1 46
1 111
1 112
1 50
1 116
1 53
1 57
1 58
1 123
1 60
1 62
2 32
2 67
2 6
2 70
2 39
2 103
2 107
2 76
2 77
2 14
2 16
2 17
2 24
2 122
2 125
3 32
3 67
3 37
3 6
3 70
3 39
3 107
3 12
3 77
3 14
3 16
3 51
3 52
3 118
3 24
3 122
3 125
4 67
4 69
4 6
4 70
4 8
4 10
4 74
4 75
4 13
4 14
4 16
4 80
4 18
4 82
4 83
4 84
4 86
4 87
4 24
4 27
4 28
4 29
4 93
4 96
4 98
4 39
4 42
4 106
4 107
4 45
4 119
4 56
4 120
4 122
4 125
4 63
5 65
5 66
5 130
5 68
5 72
5 73
5 11
5 78
5 79
5 81
5 23
5 26
5 91
5 30
5 95
5 33
5 100
5 38
5 102
5 41
5 43
5 108
5 109
5 111
5 112
5 50
5 116
5 53
5 57
5 58
5 123
5 60
5 62
6 128
6 130
6 9
6 10
6 13
6 14
6 15
6 16
6 17
6 18
6 22
6 24
6 27
6 28
6 32
6 37
6 39
6 42
6 45
6 47
6 49
6 51
6 52
6 55
6 56
6 63
6 67
6 69
6 70
6 75
6 76
6 77
6 80
6 82
6 83
6 84
6 86
6 87
6 88
6 89
6 90
6 92
6 93
6 96
6 98
6 99
6 103
6 105
6 107
6 117
6 119
6 120
6 121
6 122
6 125
6 127
7 10
7 75
7 13
7 16
7 80
7 18
7 83
7 84
7 86
7 87
7 90
7 27
7 92
7 96
7 98
7 37
7 39
7 107
7 44
7 45
7 49
7 51
7 120
7 124
7 125
8 129
8 98
8 69
8 70
8 39
8 42
8 107
8 16
8 48
8 82
8 119
8 24
8 56
8 121
8 28
8 29
8 93
8 125
8 63
8 127
9 130
9 69
9 70
9 10
9 75
9 13
9 77
9 15
9 16
9 80
9 18
9 83
9 84
9 86
9 87
9 24
9 90
9 27
9 92
9 31
9 32
9 96
9 98
9 99
9 37
9 102
9 39
9 105
9 107
9 45
9 46
9 47
9 49
9 51
9 55
9 120
9 121
9 122
9 124
9 125
9 127
10 130
10 13
10 14
10 16
10 18
10 22
10 24
10 27
10 28
10 32
10 37
10 39
10 42
10 44
10 45
10 47
10 49
10 51
10 55
10 56
10 63
10 67
10 69
10 70
10 75
10 77
10 80
10 82
10 83
10 84
10 86
10 87
10 88
10 90
10 92
10 93
10 96
10 98
10 99
10 102
10 105
10 107
10 117
10 119
10 120
10 121
10 122
10 124
10 125
10 127
11 65
11 66
11 68
11 72
11 73
11 78
11 79
11 81
11 23
11 26
11 91
11 30
11 95
11 33
11 100
11 38
11 41
11 43
11 108
11 109
11 111
11 112
11 50
11 116
11 53
11 57
11 58
11 123
11 60
11 62
12 64
12 51
12 52
12 37
12 118
12 110
13 14
13 16
13 17
13 18
13 22
13 24
13 27
13 28
13 32
13 37
13 39
13 42
13 44
13 45
13 47
13 49
13 51
13 55
13 56
13 67
13 69
13 70
13 71
13 74
13 75
13 76
13 77
13 80
13 82
13 83
13 84
13 86
13 87
13 90
13 92
13 93
13 96
13 98
13 99
13 105
13 106
13 107
13 119
13 120
13 122
13 124
13 125
14 128
14 16
14 17
14 18
14 22
14 24
14 27
14 28
14 32
14 34
14 35
14 37
14 39
14 42
14 45
14 49
14 51
14 52
14 56
14 63
14 64
14 67
14 69
14 70
14 75
14 76
14 77
14 80
14 82
14 83
14 84
14 86
14 87
14 88
14 89
14 90
14 93
14 96
14 98
14 103
14 107
14 110
14 117
14 119
14 120
14 122
14 125
14 127
15 130
15 70
15 71
15 75
15 77
15 16
15 18
15 21
15 24
15 90
15 92
15 31
15 32
15 96
15 99
15 37
15 102
15 39
15 104
15 105
15 107
15 45
15 46
15 49
15 51
15 54
15 122
15 124
15 125
16 128
16 130
16 17
16 18
16 22
16 24
16 27
16 28
16 29
16 32
16 37
16 39
16 42
16 44
16 45
16 47
16 49
16 51
16 52
16 55
16 56
16 61
16 63
16 64
16 67
16 69
16 70
16 74
16 75
16 76
16 77
16 80
16 82
16 83
16 84
16 86
16 87
16 88
16 89
16 90
16 92
16 93
16 96
16 98
16 99
16 103
16 105
16 106
16 107
16 110
16 117
16 119
16 120
16 121
16 122
16 125
16 127
17 67
17 69
17 70
17 74
17 76
17 77
17 80
17 82
17 83
17 84
17 22
17 86
17 24
17 27
17 28
17 32
17 98
17 99
17 39
17 103
17 105
17 106
17 107
17 119
17 56
17 120
17 122
17 125
18 130
18 22
18 24
18 27
18 28
18 32
18 37
18 39
18 42
18 44
18 45
18 46
18 47
18 49
18 51
18 55
18 56
18 61
18 63
18 67
18 69
18 70
18 71
18 75
18 77
18 80
18 82
18 83
18 84
18 86
18 87
18 88
18 90
18 92
18 93
18 96
18 98
18 99
18 102
18 105
18 107
18 117
18 119
18 120
18 121
18 122
18 124
18 125
18 127
19 101
20 36
20 116
20 25
21 51
21 37
21 104
22 130
22 67
22 70
22 75
22 76
22 77
22 80
22 83
22 84
22 86
22 87
22 24
22 90
22 27
22 92
22 32
22 96
22 37
22 39
22 107
22 45
22 47
22 51
22 55
22 120
22 122
22 125
23 65
23 66
23 68
23 72
23 73
23 78
23 79
23 81
23 26
23 91
23 30
23 95
23 33
23 100
23 38
23 41
23 43
23 108
23 109
23 111
23 112
23 50
23 116
23 53
23 57
23 58
23 123
23 60
23 62
24 128
24 130
24 27
24 28
24 29
24 32
24 34
24 35
24 37
24 39
24 42
24 45
24 47
24 49
24 51
24 52
24 55
24 56
24 61
24 63
24 64
24 67
24 69
24 70
24 75
24 76
24 77
24 80
24 82
24 83
24 84
24 86
24 87
24 88
24 89
24 90
24 92
24 93
24 96
24 98
24 99
24 103
24 105
24 107
24 110
24 117
24 119
24 120
24 121
24 122
24 125
24 127
25 36
25 100
25 116
25 57
25 30
25 78
26 65
26 66
26 68
26 72
26 73
26 78
26 79
26 81
26 91
26 30
26 95
26 33
26 100
26 38
26 41
26 43
26 108
26 109
26 111
26 112
26 50
26 116
26 53
26 57
26 58
26 123
26 60
26 62
27 28
27 32
27 37
27 39
27 42
27 44
27 45
27 47
27 49
27 51
27 55
27 56
27 61
27 67
27 69
27 70
27 74
27 75
27 76
27 77
27 80
27 82
27 83
27 84
27 86
27 87
27 90
27 92
27 96
27 98
27 99
27 105
27 106
27 107
27 119
27 120
27 122
27 124
27 125
28 67
28 69
28 70
28 75
28 76
28 77
28 80
28 82
28 83
28 84
28 86
28 87
28 29
28 93
28 32
28 96
28 98
28 37
28 39
28 42
28 107
28 45
28 51
28 119
28 56
28 120
28 121
28 122
28 125
28 63
28 127
29 129
29 98
29 69
29 70
29 39
29 42
29 107
29 48
29 82
29 119
29 56
29 121
29 93
29 125
29 63
29 127
30 65
30 66
30 130
30 68
30 72
30 73
30 78
30 79
30 81
30 91
30 95
30 33
30 36
30 100
30 38
30 102
30 41
30 43
30 108
30 109
30 46
30 111
30 112
30 50
30 116
30 53
30 57
30 58
30 123
30 60
30 62
31 32
31 130
31 37
31 102
31 71
31 46
31 51
31 54
31 90
31 92
31 124
32 130
32 37
32 39
32 45
32 46
32 47
32 49
32 51
32 52
32 54
32 55
32 67
32 69
32 70
32 71
32 75
32 76
32 77
32 80
32 82
32 83
32 84
32 86
32 87
32 88
32 90
32 92
32 93
32 96
32 98
32 99
32 102
32 103
32 105
32 107
32 117
32 120
32 122
32 125
33 65
33 66
33 68
33 72
33 73
33 78
33 79
33 81
33 91
33 95
33 100
33 41
33 43
33 108
33 109
33 111
33 112
33 50
33 116
33 53
33 57
33 58
33 123
33 60
33 62
34 35
34 67
34 69
34 70
34 39
34 107
35 67
35 69
35 70
35 39
35 107
36 100
36 116
36 57
36 78
37 130
37 39
37 44
37 45
37 46
37 47
37 49
37 51
37 52
37 54
37 55
37 61
37 67
37 69
37 70
37 71
37 75
37 77
37 80
37 82
37 83
37 84
37 86
37 87
37 88
37 90
37 92
37 93
37 96
37 98
37 99
37 102
37 104
37 105
37 107
37 117
37 118
37 120
37 121
37 122
37 124
37 125
37 127
38 65
38 66
38 68
38 72
38 73
38 78
38 79
38 81
38 91
38 95
38 100
38 102
38 41
38 43
38 109
38 46
38 111
38 112
38 50
38 53
38 57
38 58
38 123
38 60
38 62
39 128
39 42
39 44
39 45
39 47
39 49
39 51
39 52
39 55
39 56
39 61
39 63
39 64
39 67
39 69
39 70
39 74
39 75
39 76
39 77
39 80
39 82
39 83
39 84
39 86
39 87
39 88
39 89
39 90
39 92
39 93
39 96
39 98
39 99
39 103
39 105
39 106
39 107
39 110
39 117
39 119
39 120
39 121
39 122
39 125
39 127
40 114
41 65
41 66
41 68
41 72
41 73
41 78
41 79
41 81
41 91
41 95
41 100
41 43
41 108
41 109
41 111
41 112
41 50
41 116
41 53
41 57
41 58
41 123
41 60
41 62
42 67
42 69
42 70
42 74
42 75
42 80
42 82
42 83
42 84
42 86
42 87
42 93
42 96
42 98
42 106
42 107
42 45
42 119
42 56
42 120
42 122
42 125
42 63
43 65
43 66
43 68
43 72
43 73
43 78
43 79
43 81
43 91
43 95
43 100
43 108
43 109
43 111
43 112
43 50
43 116
43 53
43 57
43 58
43 123
43 60
43 62
44 75
44 80
44 83
44 84
44 86
44 87
44 90
44 92
44 96
44 98
44 107
44 45
44 49
44 51
44 120
44 124
44 125
45 130
45 46
45 47
45 49
45 51
45 55
45 67
45 69
45 70
45 71
45 75
45 77
45 80
45 82
45 83
45 84
45 86
45 87
45 90
45 92
45 96
45 98
45 99
45 102
45 105
45 107
45 120
45 122
45 124
45 125
46 130
46 71
46 75
46 77
46 90
46 92
46 96
46 99
46 102
46 105
46 47
46 112
46 49
46 51
46 54
46 55
46 57
46 124
47 130
47 70
47 71
47 75
47 77
47 80
47 83
47 84
47 86
47 87
47 90
47 92
47 96
47 102
47 107
47 49
47 51
47 55
47 120
47 122
47 124
47 125
48 129
49 130
49 67
49 69
49 70
49 71
49 75
49 77
49 80
49 83
49 84
49 86
49 87
49 90
49 92
49 96
49 102
49 107
49 51
49 55
49 120
49 122
49 124
49 125
50 65
50 66
50 130
50 68
50 72
50 73
50 78
50 79
50 81
50 91
50 95
50 100
50 102
50 108
50 109
50 111
50 112
50 116
50 53
50 57
50 58
50 123
50 60
50 62
51 130
51 52
51 54
51 55
51 61
51 67
51 69
51 70
51 71
51 75
51 77
51 80
51 82
51 83
51 84
51 86
51 87
51 88
51 90
51 92
51 93
51 96
51 98
51 99
51 102
51 104
51 105
51 107
51 117
51 118
51 120
51 121
51 122
51 124
51 125
51 127
52 67
52 70
52 107
52 77
52 118
52 122
52 125
53 65
53 66
53 130
53 68
53 72
53 73
53 78
53 79
53 81
53 91
53 95
53 100
53 102
53 108
53 109
53 111
53 112
53 116
53 57
53 58
53 123
53 60
53 62
54 130
54 102
54 90
54 92
54 77
55 130
55 70
55 71
55 75
55 77
55 80
55 83
55 84
55 86
55 87
55 90
55 92
55 96
55 102
55 107
55 120
55 122
55 124
55 125
56 67
56 69
56 70
56 74
56 76
56 80
56 82
56 83
56 84
56 86
56 87
56 93
56 96
56 98
56 106
56 107
56 119
56 120
56 122
56 125
56 63
57 65
57 66
57 130
57 68
57 72
57 73
57 78
57 79
57 81
57 91
57 95
57 100
57 102
57 108
57 109
57 111
57 112
57 116
57 58
57 123
57 60
57 62
58 65
58 66
58 130
58 68
58 72
58 73
58 78
58 79
58 81
58 91
58 95
58 100
58 102
58 108
58 109
58 111
58 112
58 116
58 123
58 60
58 62
59 85
60 65
60 66
60 130
60 68
60 72
60 73
60 78
60 79
60 81
60 91
60 95
60 100
60 102
60 108
60 109
60 111
60 112
60 116
60 123
60 62
61 96
61 98
61 69
61 70
61 107
61 84
61 125
62 65
62 66
62 68
62 72
62 73
62 78
62 79
62 81
62 91
62 95
62 100
62 108
62 109
62 111
62 112
62 116
62 123
63 128
63 67
63 70
63 82
63 87
63 88
63 89
63 93
63 96
63 107
63 117
63 119
63 121
63 122
63 125
63 127
64 67
64 70
64 107
64 110
64 117
64 118
64 88
64 125
65 66
65 68
65 72
65 73
65 78
65 79
65 81
65 91
65 95
65 100
65 108
65 109
65 111
65 112
65 116
65 123
66 130
66 68
66 72
66 73
66 78
66 79
66 81
66 91
66 95
66 100
66 102
66 108
66 109
66 111
66 112
66 116
66 123
67 128
67 69
67 70
67 75
67 76
67 77
67 80
67 82
67 83
67 84
67 86
67 87
67 88
67 89
67 93
67 96
67 98
67 103
67 107
67 110
67 117
67 119
67 120
67 122
67 125
68 130
68 72
68 73
68 78
68 79
68 81
68 91
68 95
68 100
68 102
68 108
68 109
68 111
68 112
68 116
68 123
69 70
69 74
69 75
69 76
69 77
69 80
69 82
69 83
69 84
69 86
69 87
69 88
69 90
69 92
69 93
69 96
69 98
69 99
69 105
69 106
69 107
69 117
69 119
69 120
69 121
69 122
69 125
69 127
70 128
70 130
70 75
70 76
70 77
70 80
70 82
70 83
70 84
70 86
70 87
70 88
70 89
70 90
70 92
70 93
70 96
70 98
70 99
70 103
70 105
70 107
70 110
70 117
70 119
70 120
70 121
70 122
70 125
70 127
71 96
71 130
71 102
71 75
71 77
71 80
71 83
71 86
71 120
71 90
71 92
71 124
72 73
72 78
72 79
72 81
72 91
72 95
72 100
72 108
72 109
72 111
72 112
72 116
72 123
73 130
73 78
73 79
73 81
73 91
73 95
73 100
73 102
73 108
73 109
73 111
73 112
73 116
73 123
74 98
74 106
74 107
74 76
74 80
74 83
74 84
74 86
74 119
74 120
74 125
75 130
75 77
75 80
75 82
75 83
75 84
75 86
75 87
75 90
75 92
75 96
75 98
75 99
75 102
75 105
75 107
75 120
75 122
75 124
75 125
76 77
76 80
76 82
76 83
76 84
76 86
76 98
76 99
76 103
76 105
76 106
76 107
76 119
76 120
76 122
76 125
77 130
77 80
77 82
77 83
77 84
77 86
77 87
77 88
77 90
77 92
77 93
77 96
77 98
77 99
77 102
77 103
77 105
77 107
77 117
77 120
77 122
77 125
78 79
78 81
78 91
78 95
78 100
78 108
78 109
78 111
78 112
78 116
78 123
79 130
79 81
79 91
79 95
79 100
79 102
79 108
79 109
79 111
79 112
79 116
79 123
80 130
80 82
80 83
80 84
80 86
80 87
80 90
80 92
80 96
80 98
80 99
80 105
80 106
80 107
80 119
80 120
80 122
80 124
80 125
81 91
81 95
81 100
81 108
81 109
81 111
81 112
81 116
81 123
82 83
82 84
82 86
82 87
82 93
82 96
82 98
82 107
82 119
82 120
82 121
82 122
82 125
82 127
83 130
83 84
83 86
83 87
83 90
83 92
83 93
83 96
83 98
83 99
83 105
83 106
83 107
83 119
83 120
83 121
83 122
83 124
83 125
83 127
84 86
84 87
84 90
84 92
84 96
84 98
84 99
84 105
84 106
84 107
84 119
84 120
84 122
84 124
84 125
86 130
86 87
86 90
86 92
86 96
86 98
86 99
86 105
86 106
86 107
86 119
86 120
86 122
86 124
86 125
87 130
87 88
87 90
87 92
87 93
87 96
87 98
87 99
87 102
87 105
87 107
87 117
87 119
87 120
87 121
87 122
87 124
87 125
87 127
88 128
88 89
88 93
88 96
88 107
88 110
88 117
88 122
88 125
89 128
89 107
89 117
89 122
89 125
90 130
90 92
90 96
90 98
90 99
90 102
90 105
90 107
90 120
90 122
90 124
90 125
91 95
91 100
91 108
91 109
91 111
91 112
91 116
91 123
92 130
92 96
92 98
92 99
92 102
92 105
92 107
92 120
92 122
92 124
92 125
93 96
93 98
93 107
93 117
93 119
93 120
93 121
93 122
93 125
93 127
94 126
95 100
95 108
95 109
95 111
95 112
95 116
95 123
96 130
96 98
96 99
96 102
96 105
96 107
96 117
96 119
96 120
96 121
96 122
96 124
96 125
96 127
98 99
98 105
98 106
98 107
98 119
98 120
98 122
98 125
99 130
99 102
99 105
99 107
99 120
99 122
99 124
99 125
100 108
100 109
100 111
100 112
100 116
100 123
102 130
102 105
102 112
102 124
103 107
103 122
103 125
105 130
105 107
105 120
105 122
105 124
105 125
106 107
106 119
106 120
106 125
107 128
107 110
107 117
107 119
107 120
107 121
107 122
107 125
107 127
108 109
108 111
108 112
108 116
108 123
109 111
109 112
109 116
109 123
110 117
110 118
110 125
111 112
111 116
111 123
112 130
112 116
112 123
116 123
117 128
117 122
117 125
119 120
119 122
119 125
120 130
120 121
120 122
120 124
120 125
120 127
121 122
121 125
121 127
122 128
122 130
122 125
122 127
124 130
125 128
125 130
125 127
