0.004369378376873113
0.05445459172126384
0.0
0.007085487670427833
0.007768541509842985
0.031095883083403265
0.058333849637990015
2.8551868314498336E-4
0.044804814086688405
0.01612666449854262
0.03791967616184964
0.001394365889547596
9.499722243624664E-4
0.021356539616087435
0.05924562770906342
0.0403945287874993
0.13766136529401682
0.006524577741438684
0.059668793277916146
0.0
0.0
0.0
0.00440980829248846
1.2327399809359884E-4
0.15159840081340567
0.006084198954810541
1.2327399809359884E-4
0.02034923978782936
0.011851256246796553
0.0704259849584805
0.10782013066863493
4.3981215565632885E-4
0.08132646577753258
0.0
0.0
0.0
0.004165392949119451
0.2132179862863938
0.020661462807541834
0.13591641705368826
0.0
0.001394365889547596
0.008401134638836736
1.2327399809359884E-4
3.8203888720764276E-4
0.028209795849313345
0.18288714320375418
0.008811824051353551
0.0
0.019613372113704085
0.031095883083403265
0.24747764048840185
0.008449235138189161
0.03858482554921418
9.93040540198435E-5
0.008887044700333989
0.008359449773131186
0.139085171198863
0.031095883083403265
0.0
0.031095883083403265
0.0
1.2327399809359884E-4
0.008494697891048503
0.007303950651821165
0.001394365889547596
0.031095883083403265
0.05462253255087327
0.03858482554921418
0.050216354238782415
0.14916717787032108
0.003265269809042463
0.001394365889547596
0.031095883083403265
1.9066378371809955E-4
0.03390760204063304
0.0066144126238863845
0.0848019545106234
0.014063836155453186
0.03858482554921418
0.02895574634783275
0.001394365889547596
0.01222984672352129
0.03575680293820837
0.020922199253327018
0.0
0.02908170870647903
0.03840429859561492
0.007053971679540051
0.0
0.03140179287251199
1.2327399809359884E-4
0.030043795440545324
0.009283168737858668
0.0
0.001394365889547596
0.08884502026947426
0.0
0.028530952467477104
0.018564374762196974
0.014063836155453186
0.0
0.4877506986218777
0.0
0.0
0.018098389329558186
1.9066378371809955E-4
0.1361758716106708
0.0
1.2327399809359884E-4
0.0067747640365310715
1.2327399809359884E-4
0.10102376475813499
0.0
0.0
0.0
0.05535060096997714
0.007053667006623914
0.0012478566684550872
0.008472936024055036
0.0359566961954
0.0038397097685779033
0.05977719742434197
1.4917940349007974E-4
0.010796481299637097
0.13980215744575894
0.0
0.004282041455318891
0.0
0.0
1.0
